5852.7096604838
11480.502970953
16667.106990588
21213.203435596
24944.088369076
27716.385975339
29423.558412097
30000.0
29423.558412097
27716.385975339
24944.088369076
21213.203435596
16667.106990588
11480.502970953
5852.7096604839
3.6739403974421e-12
-5852.7096604839
-11480.502970953
-16667.106990588
-21213.203435596
-24944.088369076
-27716.385975339
-29423.558412097
-30000.0
-29423.558412097
-27716.385975339
-24944.088369076
-21213.203435596
-16667.106990588
-11480.502970953
-5852.7096604839
-7.3478807948841e-12
